name l b n16 n50 n84 f16 f50 f84 m16 m50 m84 d16 d50 d84 p16 p50 p84 sfore16 sfore50 sfore84 sback16 sback50 sback84 New_Sightline? x y z
Aquila_Rift 21.8 9.2 0.7291 0.7346 0.7398 0.6993 0.7048 0.7098 7.1292 7.2204 7.3093 266 278 289 0.0323 0.0404 0.0505 0.0695 0.0798 0.0891 0.0838 0.0878 0.092 1 254 101 44
Aquila_Rift 16.7 11.1 0.6629 0.67 0.6782 0.6053 0.612 0.6195 6.5557 6.5906 6.6624 204 208 215 0.0274 0.036 0.0458 0.0925 0.102 0.114 0.0591 0.0645 0.069 1 195 58 40
Aquila_Rift 18.3 12.7 0.697 0.7055 0.7135 0.6931 0.7017 0.7098 6.984 7.0242 7.0611 249 254 258 0.0227 0.0298 0.0386 0.0927 0.1012 0.1108 0.0795 0.084 0.0885 1 235 77 55
Aquila_Rift 21.5 11.9 0.7225 0.7307 0.7388 0.446 0.4512 0.4563 7.2172 7.2381 7.2628 277 280 283 0.0385 0.0477 0.0581 0.0467 0.0511 0.0555 0.0676 0.0709 0.0747 1 254 100 57
Aquila_Rift 16.0 16.6 0.7488 0.7548 0.7607 0.5254 0.5298 0.5341 5.9967 6.0697 6.1094 158 163 166 0.027 0.0332 0.0413 0.0911 0.1061 0.1217 0.0473 0.0499 0.0525 1 150 43 46
Aquila_S 38.9 -19.1 0.8635 0.8715 0.8798 0.0741 0.0897 0.091 5.409 5.4624 5.5117 120 123 126 0.0161 0.0198 0.0242 0.0326 0.0418 0.0554 0.0168 0.0178 0.0189 0 90 72 -40
Aquila_S 39.3 -16.8 0.7765 0.7811 0.7856 0.1363 0.138 0.1392 5.5002 5.5435 5.594 125 128 131 0.0157 0.0192 0.0241 0.0484 0.057 0.0673 0.0179 0.0191 0.0203 0 94 77 -36
Aquila_S 37.8 -17.5 0.8514 0.8572 0.8628 0.1181 0.1199 0.121 5.6399 5.6634 5.6871 134 135 137 0.0143 0.0179 0.0221 0.0573 0.0673 0.0792 0.0196 0.0208 0.0219 0 101 78 -40
Aquila_S 36.8 -15.1 0.7635 0.7685 0.7737 0.1041 0.1055 0.1065 5.7418 5.7891 5.8351 140 143 146 0.015 0.0185 0.0227 0.0358 0.0433 0.0527 0.0188 0.0198 0.0208 0 110 82 -37
Ara 336.7 -2.0 0.5102 0.5125 0.515 1.0488 1.1867 1.1942 10.1052 10.1353 10.161 1049 1064 1076 0.0641 0.0775 0.0933 0.0966 0.1053 0.1146 0.1272 0.1306 0.1343 1 976 -420 -37
Ara 336.4 -1.7 0.3997 0.4023 0.405 0.5889 0.6395 0.697 10.0696 10.0988 10.1288 1032 1046 1061 0.2342 0.258 0.2818 0.0334 0.0432 0.0546 0.1328 0.1371 0.1423 1 958 -418 -31
CB28 204.0 -25.3 0.5971 0.618 0.6392 0.122 0.1273 0.132 7.8379 8.0025 8.1711 369 398 430 0.0331 0.0408 0.0497 0.0226 0.0283 0.0357 0.0423 0.045 0.0479 1 -328 -146 -170
CB29 205.8 -21.6 0.6808 0.6909 0.7008 0.178 0.1811 0.1838 7.8084 7.8691 7.927 364 374 384 0.0216 0.0261 0.0313 0.0321 0.0386 0.0461 0.0324 0.0341 0.0359 1 -313 -151 -137
CB34 187.0 -3.9 0.5647 0.5686 0.5725 0.4139 0.4168 0.4197 10.5751 10.6074 10.6275 1303 1322 1335 0.0316 0.0377 0.0441 0.0393 0.0425 0.0457 0.0565 0.0586 0.0608 1 -1309 -160 -89
CMa_OB1 225.4 0.3 0.482 0.4836 0.4854 0.1572 0.1581 0.1591 10.51 10.5158 10.5178 1264 1268 1269 0.0119 0.0138 0.016 0.0292 0.0312 0.0331 0.0637 0.0647 0.0657 0 -890 -902 6
CMa_OB1 225.0 -0.2 0.4737 0.4755 0.4773 0.2517 0.2533 0.255 10.5089 10.5124 10.5185 1264 1266 1269 0.0286 0.0337 0.0392 0.0514 0.0546 0.058 0.0796 0.0812 0.0829 0 -895 -895 -4
CMa_OB1 222.9 -1.9 0.4654 0.4677 0.4697 0.2153 0.2171 0.2187 10.3286 10.3396 10.3798 1163 1169 1191 0.0157 0.0182 0.021 0.0272 0.0291 0.0311 0.1066 0.1082 0.1097 0 -855 -795 -38
CMa_OB1 224.5 -0.2 0.4598 0.4615 0.4631 0.1956 0.1968 0.198 10.4842 10.507 10.5181 1249 1262 1269 0.0275 0.0312 0.0357 0.0408 0.0434 0.0463 0.0707 0.0722 0.0736 0 -900 -884 -4
California 162.5 -9.5 0.7272 0.7307 0.734 0.1739 0.1753 0.1764 8.1705 8.2019 8.2518 430 436 447 0.0127 0.0153 0.018 0.075 0.084 0.0948 0.0335 0.0345 0.0358 0 -410 129 -71
California 161.2 -9.0 0.6928 0.696 0.6994 0.3786 0.3813 0.3839 8.2021 8.2864 8.3695 436 454 471 0.0187 0.0236 0.0296 0.056 0.0683 0.0844 0.0581 0.0604 0.063 0 -424 144 -71
California 163.8 -7.9 0.7448 0.7474 0.7501 0.271 0.2724 0.2738 8.3014 8.3451 8.4268 457 466 484 0.0178 0.0213 0.0252 0.1118 0.1236 0.1376 0.0441 0.0457 0.0472 0 -443 128 -64
Cam 148.8 17.8 0.7826 0.793 0.8029 0.0793 0.081 0.0825 7.7553 7.8316 7.8929 355 368 378 0.0124 0.015 0.0181 0.0311 0.0369 0.0441 0.0347 0.0363 0.0378 0 -299 181 112
Cam 144.8 17.8 0.7001 0.7075 0.7153 0.0967 0.0992 0.1009 6.6667 6.7147 6.8281 215 220 232 0.0124 0.015 0.0185 0.0448 0.0576 0.0714 0.0366 0.0382 0.0397 0 -171 120 67
Cam 146.1 17.7 0.5476 0.5532 0.559 0.105 0.1076 0.1094 6.7884 6.8638 6.9382 227 235 244 0.0191 0.0233 0.0286 0.0343 0.0438 0.0557 0.0492 0.0513 0.0536 0 -185 124 71
Cam 148.4 17.7 0.7399 0.7503 0.7598 0.0824 0.0843 0.0859 7.756 7.8161 7.917 355 365 383 0.0134 0.0164 0.0199 0.0355 0.0418 0.0491 0.0384 0.0402 0.0418 0 -296 182 110
Cam 146.6 17.2 0.6398 0.6468 0.6539 0.0854 0.088 0.0895 6.5607 6.6642 6.7762 205 215 226 0.0152 0.0184 0.022 0.0285 0.0365 0.0491 0.0327 0.0344 0.036 0 -171 113 63
Carina 286.2 -0.2 0.2599 0.263 0.266 0.4573 0.4702 0.4847 12.0 12.0395 12.0777 2511 2558 2603 0.1614 0.1792 0.1973 0.0315 0.0343 0.0373 0.1548 0.1603 0.1665 1 713 -2456 -8
Carina 288.1 -1.1 0.2582 0.261 0.2638 0.4449 0.4602 0.4759 11.9053 11.9366 12.0191 2404 2439 2534 0.0943 0.1099 0.1271 0.0297 0.032 0.0342 0.1555 0.1599 0.1651 1 757 -2317 -46
Carina 286.3 0.2 0.3728 0.3785 0.3836 0.5111 0.5247 0.5387 11.9553 11.9913 12.0337 2460 2501 2551 0.2026 0.2237 0.2445 0.0347 0.0373 0.0398 0.1612 0.1677 0.1761 1 701 -2400 8
Carina 287.4 -0.6 0.2062 0.2101 0.2144 0.8004 0.8171 0.8334 11.9219 11.9828 12.0177 2423 2492 2532 0.2161 0.2383 0.2622 0.0644 0.0674 0.0707 0.1702 0.1776 0.1865 1 745 -2377 -26
Cepheus 110.1 17.4 0.7225 0.7288 0.7353 0.2392 0.2423 0.2454 7.5832 7.6412 7.7003 328 337 346 0.0336 0.0415 0.0514 0.0627 0.0724 0.0824 0.0665 0.0697 0.073 0 -110 301 100
Cepheus 104.0 9.4 0.6708 0.6732 0.6759 0.2368 0.238 0.2393 10.0779 10.0968 10.1461 1036 1045 1069 0.0242 0.028 0.0326 0.1028 0.1077 0.1128 0.0552 0.0566 0.0582 0 -249 1000 170
Cepheus 111.5 12.2 0.7007 0.7034 0.706 0.2647 0.2662 0.2675 9.8689 9.9071 9.9328 941 958 969 0.0155 0.0187 0.0223 0.1071 0.1144 0.1215 0.0415 0.0429 0.0446 0 -343 871 202
Cepheus 108.3 17.6 0.7555 0.7626 0.7696 0.2511 0.2545 0.2577 7.6532 7.6986 7.7665 339 346 357 0.0602 0.0733 0.0886 0.0528 0.0622 0.0736 0.0651 0.0683 0.0718 0 -103 313 104
Cepheus 107.0 6.0 0.6247 0.6261 0.6276 0.2992 0.3002 0.3012 9.761 9.7737 9.7906 895 901 908 0.019 0.0217 0.0246 0.1362 0.1429 0.1505 0.0568 0.0579 0.0591 0 -261 856 94
Cepheus 103.7 11.4 0.6154 0.6182 0.621 0.1621 0.1632 0.1643 9.6696 9.6902 9.701 858 867 871 0.0164 0.0192 0.0227 0.0775 0.0819 0.0867 0.0454 0.0466 0.0478 0 -201 825 171
Cepheus 104.0 14.5 0.6246 0.6295 0.6345 0.1515 0.1538 0.1556 7.5786 7.6692 7.7781 327 341 359 0.0317 0.0371 0.0434 0.0323 0.0416 0.0515 0.0587 0.0607 0.0628 0 -79 320 85
Cepheus 107.7 5.9 0.6396 0.6412 0.6428 0.2814 0.2825 0.2835 9.581 9.6494 9.6877 824 850 866 0.0159 0.0183 0.0209 0.1448 0.1545 0.1648 0.0626 0.0636 0.0647 0 -257 805 87
Cepheus 111.5 20.8 0.6632 0.6709 0.6778 0.1273 0.1311 0.1333 7.47 7.6039 7.6732 311 331 342 0.0177 0.0215 0.0267 0.0265 0.0335 0.0432 0.0423 0.0444 0.0465 0 -113 287 117
Cepheus 114.6 16.5 0.7519 0.758 0.7646 0.1395 0.1413 0.143 7.6694 7.6983 7.7214 341 346 350 0.0169 0.0207 0.0252 0.0291 0.0359 0.0455 0.0477 0.0495 0.0514 0 -138 301 98
Cepheus 109.6 16.9 0.746 0.7521 0.7583 0.1941 0.1966 0.1989 7.6487 7.6888 7.723 338 344 350 0.025 0.0303 0.0363 0.0473 0.0567 0.0675 0.0586 0.0609 0.0633 0 -110 310 100
Cepheus 113.5 15.9 0.6754 0.6811 0.6869 0.1378 0.1396 0.1414 7.6095 7.6326 7.6534 332 336 339 0.0143 0.0174 0.0208 0.0271 0.0318 0.0372 0.0505 0.0523 0.0543 0 -128 296 92
Cepheus 108.2 5.5 0.668 0.67 0.6721 0.3106 0.312 0.3133 9.7309 9.7504 9.7755 883 891 901 0.0288 0.0334 0.0381 0.1698 0.1785 0.1882 0.0759 0.0774 0.0789 0 -277 842 85
Cepheus 107.7 12.4 0.7204 0.7234 0.7263 0.2149 0.2161 0.2173 9.9066 9.9156 9.9298 957 961 968 0.0143 0.0172 0.0207 0.0702 0.074 0.0786 0.0407 0.042 0.0434 0 -285 894 206
Cepheus 115.3 17.6 0.6093 0.615 0.621 0.1571 0.1597 0.1622 7.7386 7.7719 7.81 352 358 364 0.0176 0.0214 0.0259 0.0188 0.0224 0.0267 0.0581 0.0604 0.0628 0 -145 308 108
Cepheus 112.8 20.8 0.5779 0.5871 0.5967 0.0965 0.0991 0.1016 7.7963 7.874 7.9339 362 375 386 0.0179 0.022 0.0267 0.0235 0.0287 0.0347 0.0667 0.0692 0.0718 0 -135 323 133
Cepheus 111.8 20.3 0.4862 0.496 0.5055 0.1801 0.1867 0.1926 7.7789 7.811 7.8466 359 364 370 0.036 0.0463 0.059 0.0353 0.044 0.0529 0.1026 0.1093 0.1167 0 -126 316 126
Cepheus 106.4 17.7 0.7142 0.7197 0.7252 0.1814 0.1838 0.1858 7.8561 7.8826 7.9108 372 377 382 0.0142 0.0176 0.0215 0.0298 0.0377 0.0485 0.0511 0.053 0.0551 0 -101 344 114
Cepheus 109.0 7.7 0.6632 0.665 0.6668 0.247 0.2479 0.2489 9.5208 9.5599 9.6235 801 816 840 0.0114 0.0136 0.016 0.153 0.1633 0.1738 0.0471 0.0482 0.0492 0 -263 764 109
Cepheus 112.8 16.5 0.6167 0.6233 0.6297 0.1737 0.1769 0.1797 7.6264 7.6856 7.7288 335 344 351 0.0352 0.0433 0.0526 0.0243 0.0306 0.0394 0.0733 0.0769 0.0807 0 -127 304 97
Cepheus 103.5 13.5 0.6545 0.6587 0.6628 0.2052 0.2071 0.2091 7.7533 7.7792 7.8083 355 359 364 0.0215 0.0258 0.0313 0.024 0.0282 0.0332 0.0649 0.0671 0.0691 0 -81 339 83
Cepheus 107.0 9.4 0.6215 0.6239 0.6263 0.1598 0.1607 0.1616 9.9509 9.9696 9.9913 977 986 995 0.0128 0.0151 0.0174 0.0773 0.0813 0.0857 0.0465 0.0476 0.0486 0 -284 930 161
Cepheus 110.7 12.6 0.7353 0.7383 0.7413 0.2313 0.2325 0.2338 9.9263 9.9765 9.9857 966 989 993 0.0174 0.0204 0.0244 0.1297 0.137 0.1444 0.0369 0.0383 0.0397 0 -341 902 215
Cepheus 108.4 18.6 0.7243 0.7302 0.7354 0.2002 0.2029 0.2051 7.4939 7.607 7.8011 315 332 363 0.0245 0.0305 0.0373 0.0335 0.0416 0.0519 0.052 0.0544 0.0568 0 -99 298 105
Cepheus 109.6 6.8 0.5748 0.5771 0.5793 0.392 0.3945 0.3968 9.6856 9.7261 9.761 865 881 895 0.0308 0.0379 0.0447 0.152 0.16 0.1695 0.0846 0.0871 0.0894 0 -293 824 104
Cepheus 108.3 12.4 0.7333 0.7364 0.7395 0.1869 0.188 0.1891 9.8 9.8077 9.8163 912 915 918 0.0136 0.0161 0.0192 0.0505 0.054 0.0578 0.0347 0.0359 0.0371 0 -280 848 196
Cepheus 105.9 13.8 0.7118 0.716 0.7204 0.1788 0.1803 0.1819 9.8651 9.8918 9.9059 939 951 957 0.0138 0.0165 0.0196 0.0866 0.0918 0.0973 0.0451 0.0468 0.0488 0 -253 888 226
Cepheus 116.1 20.2 0.5823 0.591 0.5995 0.1277 0.1314 0.1345 7.6692 7.7181 7.7685 341 349 357 0.0311 0.0397 0.0482 0.023 0.0286 0.0361 0.0679 0.071 0.0744 0 -144 294 120
Chamaeleon 303.3 -14.2 0.4534 0.4604 0.4674 0.2483 0.3669 0.3752 6.3526 6.394 6.4421 186 190 194 0.0263 0.0334 0.0429 0.0308 0.0375 0.0458 0.0672 0.0707 0.0744 1 101 -153 -46
Chamaeleon 297.5 -15.3 0.4558 0.4643 0.4727 0.277 0.5108 0.5285 6.4989 6.614 6.761 199 210 225 0.0232 0.0306 0.04 0.0406 0.0501 0.062 0.0747 0.0801 0.086 1 93 -179 -55
Chamaeleon 303.0 -16.7 0.6084 0.6166 0.6249 0.2272 0.3864 0.3934 5.935 6.0378 6.1197 153 161 167 0.0206 0.0267 0.0343 0.0364 0.0485 0.0657 0.0536 0.0568 0.0599 1 83 -129 -46
Circinus 318.4 -3.2 0.4466 0.4527 0.4593 0.4244 0.4304 0.4367 9.1638 9.1728 9.1773 680 683 684 0.0245 0.0298 0.0355 0.0241 0.0251 0.0261 0.1114 0.1163 0.1214 1 509 -452 -38
Circinus 316.9 -3.9 0.4524 0.4557 0.4593 0.4825 0.4862 0.49 9.1377 9.1469 9.1523 672 675 676 0.0783 0.0873 0.0972 0.0187 0.0199 0.0209 0.0686 0.0714 0.0745 1 491 -460 -45
Coalsack 302.9 -2.6 0.1775 0.1792 0.1808 0.1697 0.1714 0.1731 6.3059 6.3823 6.4629 182 188 196 0.0331 0.0379 0.0437 0.0215 0.0264 0.0324 0.0403 0.0414 0.0424 1 102 -157 -8
Coalsack 301.4 -2.6 0.3341 0.3365 0.3388 0.1306 0.1634 0.1981 6.2293 6.3115 6.3675 176 182 187 0.0148 0.0179 0.0216 0.0173 0.021 0.0256 0.0768 0.0784 0.08 1 94 -155 -8
Coalsack 301.4 3.1 0.1886 0.1901 0.1916 0.1313 0.1324 0.1335 6.402 6.4277 6.4501 190 192 194 0.0217 0.0254 0.0295 0.0209 0.0247 0.0295 0.0238 0.0245 0.0253 1 99 -163 10
Coalsack 302.8 1.8 0.1085 0.1094 0.1104 0.2283 0.2304 0.2327 6.2571 6.3624 6.5035 178 187 199 0.1089 0.1234 0.1349 0.0308 0.0393 0.0452 0.0501 0.0518 0.0539 1 101 -157 5
Coalsack 302.9 3.1 0.2055 0.2074 0.2092 0.1588 0.1604 0.1619 6.3531 6.4075 6.4574 186 191 195 0.0188 0.0224 0.0268 0.0268 0.0315 0.0368 0.0347 0.0357 0.0366 1 103 -160 10
Coalsack 300.0 3.1 0.1918 0.1933 0.1948 0.1652 0.1666 0.168 6.3464 6.4382 6.461 185 193 195 0.0211 0.0246 0.0289 0.0231 0.0279 0.0338 0.0301 0.0309 0.0318 1 96 -166 10
Corona_Australis 0.8 -20.1 0.6166 0.6227 0.6289 0.21 0.2133 0.2156 5.8734 5.9633 6.0238 149 155 160 0.026 0.0315 0.038 0.0239 0.0292 0.0357 0.0325 0.0341 0.0356 1 145 2 -53
Corona_Australis 359.5 -17.8 0.461 0.4674 0.4739 0.1292 0.1638 0.1666 5.7617 5.839 5.9231 142 147 152 0.0306 0.0375 0.0456 0.0225 0.031 0.0413 0.048 0.05 0.0521 1 139 -1 -44
Corona_Australis 359.5 -21.0 0.743 0.7487 0.7546 0.2037 0.2058 0.2075 6.0401 6.0884 6.1344 161 165 168 0.016 0.0195 0.0236 0.0313 0.0378 0.0455 0.027 0.028 0.0291 1 154 -1 -59
CygnusX 82.9 0.7 0.3886 0.3901 0.3917 1.1822 1.187 1.1918 10.5033 10.5233 10.5457 1260 1272 1285 0.0717 0.0877 0.1051 0.1607 0.1672 0.1745 0.0995 0.1028 0.1064 1 157 1262 15
CygnusX 76.8 2.2 0.368 0.3706 0.3733 0.864 0.8703 0.8767 11.0167 11.0508 11.0703 1597 1622 1637 0.0497 0.06 0.0715 0.0943 0.098 0.102 0.1345 0.1379 0.1415 1 370 1577 62
CygnusX 77.2 2.1 0.3555 0.3582 0.361 0.9375 0.9449 0.9525 10.5689 10.5863 10.6254 1299 1309 1333 0.142 0.1648 0.1848 0.0866 0.0909 0.0957 0.1275 0.1322 0.1376 1 289 1275 47
CygnusX 80.3 -2.4 0.559 0.5616 0.5642 1.2556 1.2616 1.2675 10.7798 10.7938 10.8048 1432 1441 1448 0.1489 0.1672 0.1849 0.1419 0.146 0.1508 0.0915 0.0946 0.0983 1 242 1419 -60
CygnusX 80.5 1.1 0.3379 0.34 0.342 1.212 1.2198 1.2273 10.4052 10.4218 10.4598 1205 1214 1235 0.0614 0.0764 0.093 0.1373 0.142 0.1473 0.1361 0.1401 0.1446 1 200 1197 23
CygnusX 79.0 3.7 0.4533 0.4561 0.459 0.9329 0.9388 0.9448 10.8589 10.8909 10.9241 1485 1507 1530 0.0877 0.1019 0.1166 0.09 0.094 0.0982 0.1143 0.1177 0.1215 1 286 1476 97
CygnusX 77.7 1.3 0.3095 0.3116 0.3137 0.3798 0.4038 0.4293 9.7529 9.7685 9.7972 892 898 910 0.1641 0.1836 0.2026 0.0321 0.0368 0.0413 0.1375 0.1411 0.1453 1 191 877 20
CygnusX 80.0 -0.7 0.3643 0.3717 0.3791 0.8254 0.8686 0.91 9.9462 9.9818 10.0184 975 991 1008 0.0625 0.0985 0.1395 0.0893 0.095 0.1007 0.2574 0.2667 0.2774 1 172 975 -12
CygnusX 79.1 3.0 0.4336 0.4363 0.4388 0.4817 0.4992 0.5171 9.9824 10.0079 10.024 991 1003 1011 0.0824 0.0954 0.1096 0.0368 0.0394 0.042 0.1303 0.1339 0.1383 1 189 983 52
CygnusX 80.3 2.9 0.299 0.3022 0.3057 0.3329 0.3456 0.3577 9.923 9.9422 9.9509 965 973 977 0.122 0.1417 0.1696 0.0251 0.0271 0.0293 0.198 0.2035 0.2094 1 163 957 49
CygnusX 80.2 0.1 0.3829 0.387 0.391 1.1816 1.2995 1.3178 10.4259 10.4437 10.4786 1216 1226 1246 0.073 0.0923 0.1316 0.1299 0.1352 0.1401 0.1813 0.1885 0.1972 1 208 1208 2
CygnusX 82.3 1.0 0.2925 0.2968 0.3013 0.2572 0.2752 0.2937 9.3802 9.4075 9.4485 751 761 775 0.3035 0.337 0.3545 0.0261 0.0287 0.0305 0.2362 0.2406 0.2469 1 101 754 13
CygnusX 78.7 0.6 0.217 0.2199 0.2227 0.3673 0.3956 0.4277 9.7312 9.8168 9.8495 883 919 933 0.2686 0.2954 0.3209 0.0354 0.0402 0.0463 0.2111 0.2147 0.2185 1 180 901 9
Draco 89.5 38.4 0.7674 0.8134 0.8545 0.0456 0.0528 0.0569 8.1982 8.4144 8.6318 436 481 532 0.0183 0.0231 0.0289 0.0301 0.0374 0.048 0.0327 0.036 0.0397 0 3 376 298
GGD4 184.3 -4.2 0.5178 0.5204 0.523 0.6844 0.6993 0.7155 10.6146 10.6511 10.7053 1327 1349 1383 0.0419 0.0491 0.0573 0.0332 0.0358 0.0384 0.0741 0.0765 0.0792 1 -1341 -100 -98
GGD4 185.1 -4.3 0.5439 0.5464 0.5489 0.565 0.5676 0.5702 10.6905 10.725 10.761 1374 1396 1419 0.0192 0.0234 0.0285 0.0501 0.0536 0.0574 0.0578 0.0596 0.0613 1 -1386 -123 -104
Gem_OB1 189.9 -0.3 0.5133 0.5159 0.5186 0.7702 0.7865 0.8023 11.2559 11.2951 11.3083 1783 1815 1826 0.0736 0.084 0.0948 0.0587 0.0608 0.0629 0.0893 0.0924 0.0958 1 -1787 -312 -9
Gem_OB1 189.5 0.7 0.3922 0.4004 0.4084 0.7583 0.774 0.79 11.3336 11.3525 11.3669 1848 1864 1876 0.0323 0.039 0.0519 0.0583 0.0609 0.0632 0.2219 0.2305 0.24 1 -1838 -307 22
Gem_OB1 190.9 0.0 0.5387 0.5419 0.545 1.0988 1.1055 1.112 11.3451 11.354 11.3673 1857 1865 1877 0.1325 0.1515 0.1707 0.0779 0.0805 0.0833 0.081 0.0856 0.0916 1 -1831 -352 0
Gem_OB1 188.7 1.0 0.4958 0.4985 0.5012 0.8149 0.8565 0.8628 11.4628 11.4737 11.4811 1961 1971 1978 0.0536 0.0619 0.071 0.0634 0.0656 0.0678 0.0689 0.0716 0.0744 1 -1948 -298 34
Gem_OB1 193.0 0.6 0.5067 0.5093 0.512 0.9357 0.9405 0.9456 11.1746 11.1863 11.2176 1717 1726 1751 0.0261 0.0326 0.04 0.0713 0.0737 0.076 0.0899 0.093 0.0961 1 -1681 -388 18
Hercules 45.1 8.9 0.6409 0.6463 0.6512 0.1512 0.1531 0.1548 6.7239 6.7487 6.7758 221 223 226 0.0188 0.0234 0.0288 0.0252 0.0288 0.0328 0.0389 0.0407 0.0425 0 155 156 34
Hercules 44.1 8.6 0.6377 0.642 0.646 0.1565 0.158 0.1595 6.7239 6.7489 6.7784 221 223 226 0.0196 0.0241 0.0299 0.0316 0.0354 0.0402 0.0294 0.031 0.0326 0 158 153 33
Hercules 42.8 7.9 0.6327 0.6393 0.6454 0.1076 0.1093 0.1108 6.7911 6.8155 6.8479 228 230 234 0.0231 0.0283 0.0348 0.0396 0.0457 0.0524 0.0326 0.0345 0.0364 0 167 154 31
IC1396 98.9 4.0 0.4593 0.4618 0.4646 0.5563 0.5595 0.5629 9.7785 9.8095 9.8595 903 916 937 0.0575 0.0666 0.0763 0.081 0.0896 0.0992 0.0732 0.0755 0.0781 1 -141 902 63
IC1396 100.1 4.2 0.4886 0.491 0.4936 0.7387 0.7424 0.7464 9.7423 9.7834 9.834 888 905 926 0.0213 0.0262 0.0326 0.1042 0.1138 0.1252 0.0941 0.0962 0.0984 1 -158 888 66
IC1396 100.4 3.4 0.3761 0.3786 0.381 0.7532 0.7583 0.7634 9.8002 9.8695 9.9358 912 941 970 0.0349 0.043 0.0524 0.0969 0.1059 0.1167 0.1154 0.1183 0.1213 1 -169 923 55
IC1396 99.1 4.7 0.541 0.5439 0.5469 0.7214 0.7254 0.7294 9.7337 9.795 9.8366 884 909 927 0.0255 0.0318 0.0385 0.1019 0.1113 0.1221 0.0881 0.0904 0.0928 1 -143 894 74
IC2118 206.4 -26.0 0.4784 0.4887 0.4994 0.2047 0.2098 0.2146 7.4472 7.5834 7.6786 308 328 343 0.0205 0.0263 0.0333 0.0258 0.0321 0.04 0.0614 0.0647 0.0681 1 -264 -131 -143
IC2118 207.3 -27.2 0.7833 0.7999 0.8164 0.1377 0.1446 0.148 7.0963 7.1877 7.2501 262 273 281 0.0153 0.019 0.0229 0.0221 0.0272 0.0341 0.0325 0.0342 0.036 1 -215 -111 -124
IC2118 206.9 -26.6 0.7911 0.8068 0.8218 0.1622 0.2476 0.2542 7.021 7.2663 7.382 253 283 299 0.0237 0.0299 0.0372 0.0275 0.0358 0.047 0.0452 0.0481 0.051 1 -225 -114 -126
IC2944 294.1 -1.6 0.2754 0.2776 0.2798 0.715 0.7283 0.7415 11.8521 11.8678 11.9036 2346 2363 2402 0.1163 0.136 0.1555 0.0321 0.0355 0.038 0.151 0.1552 0.1603 1 964 -2156 -65
IC2944 294.9 -1.5 0.2853 0.2878 0.2903 0.9426 0.9512 0.9599 11.9284 11.948 11.9605 2430 2452 2466 0.1543 0.1777 0.1996 0.0423 0.0453 0.0483 0.1461 0.1514 0.1573 1 1032 -2223 -64
IC2944 294.6 -2.0 0.3513 0.354 0.3566 0.8583 0.8652 0.8717 11.8098 11.8483 11.8666 2301 2342 2362 0.054 0.065 0.0777 0.045 0.0481 0.0513 0.1448 0.1485 0.1526 1 974 -2128 -81
IC443 189.2 3.2 0.5161 0.5197 0.5234 0.5714 0.6072 0.6128 11.0352 11.06 11.095 1610 1629 1655 0.0365 0.043 0.0504 0.0421 0.0445 0.0472 0.0838 0.0863 0.089 1 -1605 -260 90
IC443 189.2 4.7 0.5366 0.5399 0.5431 0.6394 0.6434 0.6473 10.991 11.0123 11.0467 1578 1593 1619 0.0264 0.0321 0.0387 0.0694 0.0728 0.0764 0.0768 0.0792 0.0815 1 -1567 -253 130
IC443 189.6 4.0 0.5416 0.5453 0.5491 0.5013 0.5048 0.5084 10.9525 10.9635 10.972 1550 1558 1564 0.0296 0.0352 0.0414 0.0493 0.0521 0.0551 0.0711 0.0732 0.0755 1 -1532 -259 108
IC443 189.1 4.1 0.5579 0.5613 0.5648 0.6309 0.6348 0.6388 10.9639 11.0044 11.0725 1558 1588 1638 0.0339 0.0395 0.0462 0.0436 0.0462 0.049 0.0709 0.0732 0.0755 1 -1564 -250 113
IC5146 93.7 -4.6 0.434 0.4371 0.4403 0.413 0.4332 0.4368 9.4004 9.444 9.4806 758 774 787 0.0501 0.0576 0.0667 0.0345 0.0388 0.0436 0.0886 0.091 0.0935 1 -49 769 -62
IC5146 93.4 -4.2 0.4581 0.4622 0.4661 0.3508 0.4234 0.4302 9.4524 9.4948 9.531 777 792 805 0.0533 0.0622 0.0723 0.0243 0.0282 0.0322 0.0839 0.0868 0.0898 1 -46 788 -58
IC5146 94.0 -4.9 0.4757 0.4796 0.4834 0.3829 0.3862 0.3894 9.2415 9.3169 9.3752 705 730 749 0.0237 0.0288 0.0347 0.0338 0.0396 0.0461 0.0726 0.0747 0.0768 1 -50 725 -62
IC5146 94.4 -5.5 0.5533 0.5574 0.5616 0.5281 0.5324 0.5366 9.3574 9.3802 9.4087 743 751 761 0.0326 0.0396 0.0474 0.0293 0.0333 0.0377 0.0925 0.0951 0.0978 1 -57 745 -71
L1228 111.8 20.2 0.4839 0.4939 0.5036 0.1808 0.2429 0.3124 7.7886 7.822 7.8554 361 366 372 0.0302 0.0392 0.0517 0.0322 0.0399 0.0494 0.1014 0.1082 0.1156 1 -127 318 126
L1228D 112.3 13.8 0.6157 0.6203 0.625 0.1483 0.3163 0.3195 7.6011 8.4584 8.5423 331 491 511 0.0161 0.0196 0.0238 0.0292 0.0502 0.063 0.0567 0.0587 0.0606 1 -180 441 117
L1251 114.6 14.5 0.4421 0.4509 0.4626 0.3137 0.3778 0.3888 7.6921 7.7289 7.7924 345 351 361 0.0522 0.0662 0.0874 0.0319 0.0394 0.0487 0.09 0.0957 0.1008 1 -141 308 87
L1265 115.9 -2.0 0.4636 0.4666 0.4696 0.2876 0.401 0.5757 7.4802 7.689 7.8905 313 344 378 0.0246 0.0312 0.0388 0.0299 0.0396 0.0526 0.1102 0.1131 0.1158 1 -150 309 -12
L1293 121.7 0.1 0.4199 0.4227 0.4254 0.5925 0.5965 0.6005 10.1501 10.1738 10.1977 1071 1083 1095 0.0253 0.0309 0.0376 0.0622 0.067 0.0721 0.1 0.1024 0.1049 1 -569 921 1
L1302 122.0 -1.4 0.4561 0.4583 0.4606 0.7941 0.7981 0.8023 9.7699 9.7874 9.817 899 906 919 0.0217 0.027 0.0328 0.0329 0.0366 0.0407 0.1023 0.1049 0.1073 1 -479 768 -22
L1306 125.6 -0.6 0.4437 0.446 0.4482 0.7342 0.738 0.7419 9.7477 9.7789 9.8143 890 903 918 0.0173 0.0213 0.0263 0.0571 0.0627 0.069 0.0958 0.0982 0.1004 1 -525 734 -9
L1306 126.8 -0.8 0.4402 0.4429 0.4456 0.6554 0.6595 0.6636 9.8225 9.8699 9.9077 921 941 958 0.0295 0.0354 0.0422 0.0431 0.0467 0.0504 0.1044 0.1069 0.1095 1 -563 753 -13
L1307 124.3 3.3 0.5472 0.5489 0.5506 0.9088 0.9118 0.9147 9.595 9.6081 9.6234 829 834 840 0.0188 0.0231 0.0285 0.12 0.1285 0.1372 0.0703 0.072 0.0739 1 -469 687 48
L1307 124.6 2.6 0.4713 0.4732 0.4752 1.0201 1.0244 1.0287 9.7524 9.7768 9.8246 892 902 922 0.0398 0.0488 0.0584 0.1052 0.1127 0.1211 0.087 0.0897 0.0924 1 -511 741 40
L1333 128.9 13.7 0.4694 0.4755 0.4818 0.3167 0.3215 0.3261 7.2406 7.259 7.2879 280 283 286 0.03 0.0373 0.0459 0.0365 0.0414 0.0473 0.0466 0.0492 0.0519 1 -172 213 67
L1335 128.9 4.3 0.664 0.6671 0.6702 1.1623 1.168 1.1735 8.9944 9.0564 9.1403 629 647 673 0.0222 0.0293 0.0368 0.1817 0.1981 0.2169 0.0847 0.0878 0.0909 1 -405 502 48
L1340 130.0 11.5 0.4333 0.4368 0.4403 0.534 0.5385 0.5429 9.6381 9.6688 9.6937 846 858 868 0.0274 0.0335 0.0406 0.031 0.0341 0.0372 0.0831 0.0861 0.0892 1 -540 644 171
L1355 132.8 8.9 0.5608 0.5658 0.5705 0.8665 0.8745 0.8818 9.8477 9.8858 9.9619 932 948 982 0.037 0.0465 0.0578 0.0613 0.066 0.0708 0.0984 0.1024 0.1068 1 -636 687 146
L1355 133.6 9.3 0.5692 0.5729 0.5766 0.9169 0.923 0.9292 9.7975 9.8304 9.8599 910 924 937 0.0414 0.0518 0.0638 0.1076 0.1143 0.1217 0.0795 0.0829 0.0868 1 -628 660 149
L1616 203.5 -24.8 0.5938 0.6046 0.6156 0.15 0.187 0.1914 7.9281 7.9673 8.0137 385 392 400 0.0233 0.029 0.0364 0.0195 0.0232 0.0275 0.0463 0.0488 0.0516 1 -326 -141 -164
L1617 203.5 -12.0 0.5713 0.5748 0.5781 0.1267 0.1561 0.1863 8.0402 8.0857 8.1138 405 414 419 0.0283 0.0344 0.0404 0.0173 0.0205 0.0241 0.0532 0.0552 0.0571 1 -371 -161 -86
L1622 204.7 -11.8 0.4962 0.502 0.5077 0.1608 0.2405 0.3319 8.0177 8.1105 8.1963 401 418 435 0.0306 0.0397 0.0521 0.0283 0.0407 0.0528 0.112 0.1174 0.1227 1 -371 -170 -85
L1634 207.6 -23.2 0.6164 0.6251 0.6336 0.2503 0.2544 0.2579 7.8839 7.9523 8.0801 377 389 413 0.0178 0.0225 0.0285 0.0354 0.0416 0.0496 0.0536 0.0563 0.0591 1 -316 -165 -153
L1634 207.6 -22.8 0.5816 0.5928 0.6034 0.187 0.191 0.1946 7.7307 7.8113 7.9182 351 364 383 0.0252 0.0311 0.0385 0.0353 0.0425 0.0507 0.0506 0.0531 0.0558 1 -297 -155 -141
L291 10.7 -2.8 0.5477 0.5517 0.556 0.7966 0.817 0.8384 10.7618 10.7917 10.8168 1420 1439 1456 0.1842 0.2045 0.2237 0.036 0.0404 0.0461 0.1328 0.1369 0.1415 1 1412 266 -70
L291 11.3 -2.1 0.4156 0.4188 0.4223 0.7461 0.7616 0.7775 10.5936 10.6291 10.65 1314 1336 1348 0.2273 0.2471 0.2694 0.0266 0.0301 0.0338 0.1374 0.1428 0.1489 1 1309 261 -48
L291 11.4 -2.7 0.6172 0.6218 0.6268 0.9214 0.9685 1.075 10.6101 10.6493 10.6843 1324 1348 1370 0.1557 0.1786 0.2005 0.0361 0.045 0.054 0.1441 0.148 0.1522 1 1319 266 -63
L379 16.9 -2.2 0.4312 0.4367 0.4424 0.778 0.7883 0.7989 11.8592 11.907 11.9385 2354 2406 2441 0.0898 0.1046 0.1201 0.071 0.074 0.0771 0.1595 0.1645 0.1705 1 2300 698 -92
L379 17.1 -2.9 0.5962 0.6004 0.6048 0.8181 0.8239 0.83 11.3491 11.383 11.4938 1861 1890 1989 0.0781 0.0908 0.1044 0.0606 0.0647 0.0687 0.1157 0.1188 0.1224 1 1804 555 -95
L379 16.8 -2.7 0.6085 0.6124 0.6161 0.9208 0.9357 0.9509 11.5502 11.5705 11.5841 2041 2061 2074 0.1311 0.1468 0.1623 0.0349 0.0381 0.0443 0.1217 0.1252 0.129 1 1970 595 -97
L977 89.5 2.0 0.3477 0.3495 0.3513 0.6403 0.6853 0.7325 9.0595 9.098 9.1493 648 660 675 0.0247 0.0314 0.0398 0.0494 0.0549 0.0607 0.1379 0.141 0.144 1 5 659 23
L977 89.8 2.2 0.3449 0.3468 0.3487 0.5172 0.5632 0.6105 8.9851 9.0377 9.093 626 642 658 0.0214 0.0273 0.0342 0.0489 0.0544 0.0609 0.1415 0.1444 0.1473 1 2 641 24
L988 90.7 2.4 0.3421 0.3441 0.3461 0.5243 0.5665 0.6092 8.9661 8.987 9.0089 621 627 633 0.0458 0.0594 0.0745 0.0572 0.062 0.0675 0.1633 0.1668 0.1707 1 -7 626 26
L988 90.2 2.3 0.3518 0.3537 0.3556 0.3766 0.4039 0.4327 8.9144 8.9361 8.9614 606 612 619 0.0479 0.0592 0.0718 0.0302 0.0339 0.0382 0.1384 0.1418 0.1454 1 -2 611 24
LBN906 202.2 -31.4 0.7 0.727 0.7548 0.1071 0.1117 0.1162 7.2664 7.2932 7.3276 283 287 292 0.019 0.0242 0.031 0.0154 0.0177 0.0205 0.0256 0.0279 0.0302 1 -226 -92 -149
LBN917 203.7 -30.3 0.725 0.7423 0.7589 0.141 0.1455 0.1492 6.7745 6.8297 6.8992 226 232 239 0.0261 0.0332 0.0419 0.0223 0.0271 0.0329 0.0225 0.0253 0.0283 1 -183 -80 -117
LBN942 205.6 -22.0 0.7125 0.7202 0.7278 0.1968 0.2672 0.271 7.0012 7.0515 7.1052 251 257 263 0.0135 0.0168 0.0205 0.0288 0.0359 0.0454 0.0329 0.0346 0.0363 1 -214 -102 -96
LBN968 208.4 -28.4 0.5393 0.5536 0.5686 0.1247 0.1296 0.1334 7.4515 7.5208 7.6123 309 319 333 0.0198 0.0253 0.0316 0.0268 0.0337 0.0426 0.0479 0.0505 0.0533 1 -246 -133 -151
LBN969 208.4 -22.2 0.841 0.8626 0.886 0.1309 0.1357 0.1397 7.1496 7.1946 7.2474 269 274 281 0.0202 0.0255 0.0325 0.0181 0.0219 0.0268 0.0225 0.0245 0.0267 1 -223 -120 -103
LBN991 213.6 -28.9 0.5942 0.6062 0.6182 0.1573 0.1625 0.166 7.9668 8.0578 8.1604 392 408 428 0.015 0.0187 0.0232 0.0213 0.0261 0.0319 0.029 0.0309 0.0328 1 -297 -197 -197
Lacerta 96.1 -10.2 0.7448 0.7479 0.7512 0.153 0.1539 0.1548 8.4915 8.5146 8.5428 499 504 511 0.0118 0.0139 0.0163 0.0352 0.0398 0.0462 0.0419 0.0428 0.0438 0 -52 493 -89
Lacerta 95.8 -11.5 0.6807 0.6846 0.6883 0.1299 0.131 0.132 8.3603 8.3762 8.401 469 473 478 0.0123 0.0146 0.0172 0.0328 0.0374 0.0433 0.0433 0.0445 0.0456 0 -46 461 -94
Lagoon 6.9 -2.2 0.4349 0.4382 0.4415 0.8476 0.8632 0.8787 10.6008 10.6118 10.6256 1318 1325 1333 0.0765 0.0933 0.1136 0.0363 0.0386 0.0413 0.1624 0.1674 0.1731 1 1314 159 -50
Lagoon 7.3 -2.4 0.5377 0.5416 0.5456 0.7533 0.7834 0.8122 10.4157 10.4323 10.4523 1211 1220 1231 0.1246 0.1578 0.1874 0.0355 0.0439 0.0511 0.2037 0.2069 0.2108 1 1209 154 -51
Lupus 347.3 6.6 0.4725 0.4859 0.4974 0.4127 0.4307 0.442 6.378 6.8938 7.2939 188 239 287 0.028 0.0368 0.0484 0.0408 0.0528 0.0683 0.0512 0.0572 0.0639 1 231 -52 27
Lupus 338.7 17.4 0.5765 0.5849 0.5931 0.1313 0.2681 0.2745 5.9508 6.0227 6.0913 154 160 165 0.0257 0.032 0.0395 0.0298 0.0418 0.0542 0.0536 0.0561 0.0587 1 142 -55 47
Lupus 339.0 16.3 0.4705 0.4801 0.4898 0.0587 0.1666 0.3162 5.7444 5.9051 6.0861 140 151 164 0.037 0.0479 0.0614 0.0295 0.039 0.0504 0.0584 0.0628 0.0679 1 135 -51 42
Lupus 341.1 9.8 0.5582 0.5635 0.5688 0.2844 0.4486 0.4588 6.4179 6.4784 6.5283 192 197 202 0.0396 0.0485 0.0587 0.0437 0.0508 0.0599 0.0508 0.0537 0.0567 1 183 -62 33
Lupus 341.1 6.4 0.4707 0.4802 0.4899 0.4221 0.5771 0.5916 4.3838 5.1814 6.0316 75 108 160 0.0219 0.0291 0.0388 0.0369 0.0498 0.0659 0.1479 0.1537 0.1597 1 101 -34 12
Lupus 339.0 14.9 0.5924 0.5991 0.6057 0.1251 0.2552 0.2617 5.881 5.9674 6.0244 150 156 160 0.0217 0.0278 0.035 0.0271 0.034 0.043 0.0531 0.0554 0.0578 1 140 -54 40
M16 17.5 1.2 0.4494 0.4528 0.4562 1.3153 1.3255 1.3357 11.1784 11.2017 11.2301 1720 1739 1762 0.2966 0.3201 0.3406 0.0502 0.0534 0.0569 0.1221 0.1281 0.1352 1 1658 522 36
M16 17.9 1.0 0.4801 0.4838 0.4875 1.2942 1.3045 1.3146 11.0363 11.0744 11.1044 1611 1640 1662 0.2931 0.3163 0.337 0.0574 0.0616 0.066 0.1387 0.1437 0.1493 1 1560 503 28
M17 15.3 -1.1 0.2768 0.2785 0.2803 0.9276 0.9344 0.9407 10.9389 10.9863 11.0089 1540 1574 1591 0.0953 0.1127 0.1315 0.0424 0.0463 0.0504 0.1337 0.1371 0.1411 1 1517 415 -30
M17 15.2 -0.3 0.0921 0.0932 0.0944 0.7387 0.7484 0.7588 10.859 10.894 10.925 1485 1509 1531 0.2677 0.294 0.3194 0.0678 0.0724 0.0776 0.1291 0.1347 0.1412 1 1456 395 -7
M17 15.5 -0.8 0.1709 0.1721 0.1734 0.8338 0.8404 0.8469 10.8427 10.8642 10.899 1474 1488 1512 0.1008 0.12 0.1391 0.0379 0.0417 0.0453 0.153 0.1566 0.161 1 1433 397 -20
M20 7.4 -0.5 0.0973 0.0978 0.0983 0.8428 0.8481 0.853 10.4714 10.4913 10.507 1242 1253 1263 0.0649 0.0778 0.0912 0.0401 0.044 0.0484 0.1201 0.1232 0.1264 1 1242 161 -10
M20 6.7 -0.5 0.0746 0.0755 0.0764 0.657 0.6661 0.6752 10.4172 10.4571 10.4912 1211 1234 1253 0.2316 0.259 0.2871 0.0344 0.0386 0.0426 0.192 0.1951 0.1991 1 1225 143 -10
M20 7.0 0.1 0.0683 0.0687 0.0692 0.6972 0.7021 0.7073 10.3612 10.3712 10.3893 1180 1186 1196 0.0357 0.0429 0.0512 0.0455 0.0516 0.0586 0.1152 0.1177 0.1202 1 1177 144 2
M20 6.6 -0.1 0.0589 0.0593 0.0596 0.5737 0.5781 0.5823 10.3531 10.3677 10.3895 1176 1184 1196 0.0537 0.0625 0.0718 0.0423 0.0473 0.053 0.1067 0.1092 0.1117 1 1176 136 -2
Maddalena 216.5 -2.5 0.4965 0.4986 0.5006 0.2585 0.2603 0.262 11.6167 11.622 11.6325 2105 2110 2120 0.0805 0.0893 0.0985 0.0946 0.097 0.0996 0.0694 0.0713 0.0732 0 -1694 -1253 -92
Maddalena 217.1 0.4 0.3278 0.3304 0.3329 0.1383 0.1411 0.1438 11.3657 11.3801 11.4058 1875 1888 1910 0.0428 0.0488 0.0547 0.0347 0.0366 0.0385 0.136 0.1389 0.1416 0 -1505 -1138 13
Maddalena 216.8 -2.2 0.5072 0.5092 0.5113 0.3186 0.3207 0.3229 11.6161 11.6252 11.6424 2104 2113 2130 0.1424 0.1554 0.1678 0.0786 0.0809 0.0833 0.0739 0.0764 0.0789 0 -1690 -1264 -81
Maddalena 216.4 0.1 0.5013 0.5036 0.5055 0.1642 0.1654 0.1665 11.6004 11.6102 11.6268 2089 2099 2115 0.0201 0.0234 0.0265 0.0314 0.0334 0.0352 0.0657 0.0668 0.068 0 -1689 -1245 3
Mon_OB1_NGC2264 200.4 0.8 0.438 0.4406 0.4429 0.2388 0.2417 0.2442 9.2706 9.2837 9.3176 714 719 730 0.0464 0.0542 0.0623 0.0209 0.0232 0.0257 0.0986 0.101 0.1038 0 -673 -250 10
Mon_OB1_NGC2264 201.2 1.0 0.47 0.4721 0.4743 0.185 0.2035 0.2218 9.2506 9.2745 9.4096 708 715 761 0.0422 0.0481 0.0557 0.018 0.0201 0.0223 0.0908 0.0932 0.0958 0 -666 -258 12
Mon_OB1_NGC2264 201.4 1.1 0.4829 0.4849 0.4869 0.1888 0.2081 0.2287 9.3399 9.3703 9.3987 737 748 758 0.0308 0.0368 0.0418 0.0198 0.022 0.0245 0.0915 0.0937 0.0956 0 -696 -272 14
Mon_OB1_NGC2264 203.1 1.8 0.413 0.4158 0.4185 0.2055 0.2261 0.2501 9.4287 9.4616 9.5046 768 780 796 0.0393 0.0466 0.0547 0.0267 0.0292 0.0322 0.1074 0.11 0.1126 1 -717 -305 24
Mon_OB1_NGC2264 202.8 2.3 0.4718 0.4748 0.4779 0.1763 0.1966 0.2197 9.3267 9.4025 9.4299 733 759 769 0.0649 0.0755 0.0864 0.0199 0.0224 0.0256 0.0968 0.0995 0.1025 1 -699 -293 30
Mon_OB1_NGC2264 202.1 2.7 0.4261 0.4286 0.4312 0.1423 0.1591 0.1781 9.4189 9.4378 9.475 765 771 785 0.0561 0.0649 0.0742 0.0155 0.0175 0.0198 0.0899 0.0924 0.095 1 -713 -289 36
Mon_R2 220.9 -8.3 0.5449 0.5473 0.55 0.1794 0.1807 0.1821 9.7996 9.8075 9.8208 911 915 920 0.0207 0.0243 0.0288 0.0499 0.0538 0.0578 0.0587 0.06 0.0617 0 -684 -592 -132
Mon_R2 213.0 -12.5 0.4077 0.4118 0.4161 0.4383 0.4428 0.4475 9.5067 9.515 9.5274 796 799 804 0.0319 0.0385 0.0463 0.0352 0.0385 0.042 0.0971 0.1 0.1031 1 -654 -424 -172
Mon_R2 215.3 -12.9 0.5871 0.5905 0.5939 0.2183 0.2202 0.2221 9.3764 9.4255 9.4618 750 767 780 0.0257 0.0308 0.0369 0.057 0.0621 0.0678 0.0622 0.0644 0.0665 0 -610 -432 -171
Mon_R2 219.2 -7.7 0.5527 0.555 0.5573 0.1974 0.1987 0.2 9.8616 9.8732 9.9542 938 943 979 0.034 0.0389 0.0443 0.0519 0.0557 0.0595 0.0566 0.0582 0.0598 0 -724 -590 -126
Mon_R2 219.3 -9.5 0.4598 0.4635 0.467 0.2786 0.2826 0.2864 9.7946 9.8278 9.851 909 923 933 0.082 0.0951 0.1109 0.0508 0.0546 0.0593 0.0839 0.088 0.0926 0 -704 -576 -152
Mon_R2 213.9 -11.9 0.4797 0.4842 0.4886 0.1662 0.1689 0.1715 9.4414 9.4846 9.5167 773 788 800 0.1092 0.1237 0.1376 0.0497 0.0546 0.0597 0.0671 0.071 0.0749 0 -639 -430 -162
NGC2362 239.5 -4.9 0.3534 0.3566 0.3598 0.1638 0.1769 0.1908 10.5881 10.5987 10.6107 1311 1317 1324 0.0471 0.0545 0.063 0.0165 0.0181 0.0195 0.0847 0.0872 0.0899 1 -665 -1130 -112
NGC2362 237.2 -4.9 0.4185 0.4214 0.4243 0.2082 0.2253 0.2433 10.3114 10.3481 10.3792 1154 1173 1190 0.0148 0.0179 0.0216 0.0208 0.0227 0.0248 0.0645 0.0663 0.068 1 -633 -982 -100
NGC2362 238.7 -4.2 0.4004 0.4032 0.406 0.2365 0.2547 0.2732 10.6528 10.6653 10.6807 1350 1358 1368 0.017 0.0206 0.025 0.0237 0.0256 0.0279 0.0721 0.074 0.076 1 -703 -1157 -99
NGC6604 17.8 2.2 0.3084 0.3115 0.3147 0.9213 0.9309 0.9407 10.6222 10.6553 10.6676 1331 1352 1359 0.1897 0.2099 0.2312 0.1198 0.1237 0.1282 0.1374 0.1419 0.1473 1 1286 412 51
NGC6604 18.1 1.9 0.3531 0.3625 0.3725 0.9963 1.0237 1.0527 10.8655 10.9159 10.9418 1489 1524 1543 0.1522 0.1803 0.2102 0.0862 0.0913 0.0965 0.2288 0.2361 0.2455 1 1447 473 50
NGC6604 18.2 2.5 0.5485 0.5542 0.5594 1.3371 1.3512 1.3641 10.6148 10.6261 10.6399 1327 1334 1342 0.2066 0.2464 0.2815 0.1196 0.1234 0.1281 0.2009 0.205 0.2106 1 1266 416 58
Norma 338.8 1.8 0.749 0.81 0.9219 0.7571 0.7748 0.7925 9.1467 9.2926 9.4547 675 721 777 0.0408 0.0512 0.0645 0.0318 0.0342 0.0367 0.0732 0.1166 0.1469 1 671 -260 22
North_America 85.3 -0.8 0.425 0.4275 0.43 0.3471 0.4388 0.8645 9.3855 9.4733 9.7773 753 784 902 0.0474 0.0592 0.0718 0.0388 0.0518 0.1461 0.1039 0.1069 0.11 1 64 781 -10
North_America 84.8 -1.2 0.3944 0.3978 0.4011 0.3903 0.4169 0.4446 9.662 9.7179 9.7883 855 878 907 0.1505 0.1714 0.194 0.0327 0.0389 0.0462 0.1013 0.106 0.1117 1 79 874 -18
North_America 85.8 -2.2 0.5632 0.5654 0.5676 0.9251 0.9289 0.9325 9.5411 9.6075 9.654 809 834 852 0.0221 0.0284 0.0349 0.1819 0.1991 0.2137 0.0878 0.0898 0.0922 1 61 831 -32
North_America 86.6 -2.1 0.578 0.5808 0.5834 0.733 0.7368 0.7403 9.2587 9.3211 9.4362 710 731 771 0.0274 0.0334 0.0399 0.0799 0.0923 0.1084 0.0756 0.0776 0.0797 1 43 729 -26
North_America 84.6 0.1 0.2716 0.273 0.2744 0.3081 0.328 0.3488 9.4722 9.495 9.5172 784 792 800 0.2068 0.2269 0.2445 0.0288 0.0319 0.0357 0.0938 0.0975 0.102 1 74 788 1
North_America 83.7 -2.1 0.5213 0.5243 0.5274 0.558 0.5952 0.6342 9.4288 9.464 9.4945 768 781 792 0.0499 0.0631 0.0768 0.0561 0.0616 0.0672 0.1249 0.1289 0.1333 1 85 775 -28
North_America 82.8 -2.1 0.5061 0.51 0.5136 0.4761 0.4994 0.5218 9.5068 9.5402 9.5721 796 809 821 0.0953 0.1138 0.1337 0.0373 0.0409 0.0443 0.1422 0.1471 0.1529 1 101 802 -29
North_America 81.7 -1.7 0.5282 0.5313 0.5342 0.3493 0.3732 0.3967 9.6082 9.6538 9.6958 834 852 869 0.1376 0.1534 0.1723 0.0306 0.0363 0.0407 0.1188 0.1225 0.1271 1 122 842 -25
North_America 84.2 -1.3 0.4741 0.4758 0.4776 0.4089 0.4338 0.4603 9.5093 9.546 9.5647 797 811 818 0.0888 0.1011 0.1141 0.0388 0.0418 0.0452 0.0991 0.1018 0.1049 1 81 806 -18
North_America 84.8 -1.7 0.5211 0.5237 0.5262 0.6942 0.8717 0.8786 9.544 9.5729 9.6061 810 821 834 0.0262 0.032 0.0387 0.0639 0.0764 0.0879 0.1046 0.107 0.1096 1 74 817 -24
Northern_Coalsack 91.3 4.2 0.3292 0.3327 0.3364 0.8512 0.861 0.8709 8.7832 8.8079 8.8385 570 577 585 0.2504 0.2781 0.3064 0.0588 0.0645 0.0726 0.1876 0.1904 0.194 1 -13 575 42
Northern_Coalsack 92.6 3.5 0.2895 0.2923 0.2952 0.6971 0.9447 0.9566 8.6948 8.7462 8.7974 548 561 574 0.1068 0.1454 0.173 0.0719 0.0843 0.093 0.1475 0.1534 0.1607 1 -25 559 34
Northern_Coalsack 92.2 4.3 0.4052 0.4082 0.4112 0.4998 0.5332 0.5675 8.6607 8.6929 8.7152 539 547 553 0.0702 0.0986 0.1302 0.0422 0.0481 0.0545 0.2062 0.2096 0.2136 1 -20 545 41
Ophiuchus 352.7 15.4 0.615 0.6212 0.6272 0.1716 0.1754 0.1781 5.6877 5.7299 5.7703 137 139 142 0.0343 0.0427 0.0523 0.0299 0.0372 0.0466 0.0336 0.036 0.0388 0 132 -17 36
Ophiuchus 355.2 16.0 0.6619 0.6677 0.6734 0.1932 0.1972 0.1998 5.505 5.5405 5.5959 126 128 131 0.0248 0.031 0.0391 0.0231 0.0285 0.0363 0.0447 0.0474 0.0502 0 122 -10 35
Ophiuchus 357.1 15.7 0.6925 0.6987 0.7047 0.1486 0.1537 0.1558 5.2968 5.3637 5.4616 114 118 123 0.0226 0.0283 0.0349 0.0281 0.0345 0.0438 0.0307 0.033 0.0351 0 113 -5 31
Ophiuchus_Arc 349.9 16.6 0.7496 0.7546 0.7595 0.4955 0.4998 0.5032 6.0575 6.1161 6.1838 162 167 172 0.0228 0.0292 0.0364 0.0986 0.1239 0.1459 0.0332 0.0353 0.0373 1 157 -28 47
Ophiuchus_Arc 349.3 14.9 0.6799 0.6847 0.6896 0.1397 0.1763 0.2193 5.9186 5.9533 5.9918 152 155 157 0.0246 0.03 0.0366 0.0196 0.0243 0.0302 0.037 0.0386 0.0404 1 147 -27 39
Ophiuchus_Arc 352.4 18.3 0.6926 0.6983 0.7041 0.1659 0.248 0.3617 5.5249 5.5723 5.6183 127 130 132 0.0613 0.075 0.0921 0.0327 0.0412 0.0553 0.0492 0.0524 0.0559 1 122 -16 40
Ophiuchus_B44 359.2 12.0 0.6279 0.634 0.64 0.2373 0.2805 0.2839 5.8121 5.8683 5.9441 145 149 154 0.0254 0.0313 0.0382 0.0268 0.0332 0.0416 0.0394 0.0411 0.0429 1 145 -2 30
Ophiuchus_B44 357.1 13.1 0.6326 0.6373 0.6421 0.1934 0.3301 0.3898 5.7356 5.8101 5.887 140 145 150 0.0411 0.0492 0.0588 0.0323 0.0404 0.0512 0.0379 0.0397 0.0416 1 141 -7 32
Ophiuchus_B44 354.5 15.0 0.5813 0.5853 0.5898 0.3617 0.4786 0.7416 5.8857 5.9449 6.0031 150 154 158 0.0675 0.0838 0.1022 0.0469 0.0578 0.0703 0.0525 0.0562 0.0601 1 148 -14 39
Ophiuchus_B45 358.6 15.3 0.6729 0.6779 0.6828 0.2591 0.3669 0.3703 5.5843 5.7204 5.7827 130 139 143 0.0298 0.037 0.0452 0.033 0.0422 0.0546 0.0399 0.0419 0.0439 1 134 -3 36
Ophiuchus_B45 357.1 15.6 0.706 0.7104 0.7151 0.3452 0.3502 0.3529 5.6892 5.7711 5.8558 137 142 148 0.0251 0.0312 0.0385 0.0485 0.0584 0.071 0.028 0.0296 0.0314 1 136 -6 38
Ophiuchus_B45 355.6 16.1 0.6676 0.6725 0.6775 0.1335 0.1922 0.261 5.5698 5.6129 5.6652 130 132 135 0.03 0.0371 0.0457 0.0246 0.032 0.0411 0.0425 0.0446 0.0467 1 126 -9 36
Ophiuchus_L1688 353.2 16.6 0.5898 0.5955 0.6009 0.1758 0.2386 0.3002 5.656 5.7157 5.7756 135 139 142 0.0435 0.0559 0.0715 0.025 0.0317 0.0399 0.1022 0.1079 0.1141 1 132 -15 39
Ophiuchus_North 8.4 22.0 0.7402 0.7483 0.7561 0.3154 0.3436 0.3477 5.095 5.1997 5.3549 104 109 117 0.0291 0.0364 0.0449 0.0363 0.0482 0.0623 0.0446 0.0472 0.0498 1 99 14 40
Ophiuchus_North 4.2 18.2 0.661 0.6663 0.6716 0.4803 0.485 0.489 5.8315 5.9053 5.9512 146 151 154 0.0459 0.0562 0.0676 0.0615 0.0852 0.1084 0.0416 0.0443 0.047 1 143 10 47
Ophiuchus_North 6.5 20.4 0.7169 0.7266 0.7356 0.3741 0.3805 0.3855 5.4506 5.6461 5.7977 123 134 144 0.0408 0.0503 0.0613 0.0497 0.0625 0.0783 0.0455 0.0482 0.0511 1 124 14 46
Orion 206.4 -15.4 0.5983 0.605 0.6115 0.1592 0.2024 0.2483 8.0736 8.1839 8.3158 411 433 460 0.0366 0.0483 0.0626 0.0229 0.0276 0.0334 0.0988 0.1057 0.1132 1 -373 -185 -114
Orion 209.0 -20.1 0.7073 0.7179 0.7287 0.2523 0.2596 0.2652 7.9257 7.9781 8.0352 384 394 404 0.0233 0.0303 0.0396 0.0292 0.0351 0.042 0.0957 0.101 0.1066 0 -323 -179 -135
Orion 209.1 -19.9 0.7401 0.7522 0.7651 0.2088 0.3455 0.3603 8.1469 8.2427 8.3619 425 445 470 0.0236 0.0304 0.039 0.0354 0.0435 0.0518 0.0819 0.0886 0.0964 0 -365 -203 -151
Orion 212.2 -18.6 0.6855 0.6905 0.6952 0.2265 0.2289 0.231 8.3488 8.378 8.4064 467 473 480 0.0233 0.0286 0.0353 0.0295 0.0345 0.0418 0.0514 0.0538 0.0564 0 -379 -238 -150
Orion 202.0 -13.3 0.6766 0.6802 0.684 0.1968 0.1984 0.2 8.3502 8.4115 8.4582 467 481 491 0.0171 0.0208 0.0251 0.0442 0.0508 0.0584 0.0452 0.0469 0.0486 0 -434 -175 -110
Orion 205.7 -14.8 0.6445 0.6491 0.6534 0.2186 0.2639 0.3117 8.0833 8.2018 8.3156 413 436 460 0.0268 0.0335 0.0418 0.0249 0.0296 0.0359 0.0745 0.0781 0.0818 1 -379 -182 -111
Orion 212.4 -19.9 0.6154 0.6223 0.6291 0.2608 0.2678 0.2727 8.0055 8.092 8.1432 399 415 425 0.0307 0.0393 0.0497 0.0242 0.0291 0.0352 0.0835 0.0877 0.0929 0 -329 -209 -141
Orion 208.4 -19.6 0.6637 0.674 0.6847 0.1298 0.1752 0.2591 7.9667 8.0079 8.0828 392 399 413 0.0421 0.0536 0.0677 0.0231 0.0276 0.0327 0.0917 0.0979 0.1047 0 -330 -178 -133
Orion 207.9 -16.8 0.7397 0.7448 0.7502 0.2244 0.2271 0.2294 7.9973 8.07 8.1188 397 411 420 0.0217 0.027 0.0326 0.0247 0.0289 0.034 0.0622 0.0649 0.0676 0 -347 -184 -118
Orion 214.7 -19.0 0.6879 0.6938 0.6996 0.2676 0.2709 0.2741 8.0668 8.096 8.1191 410 416 420 0.0225 0.0283 0.0358 0.0328 0.0392 0.0462 0.0626 0.066 0.0694 0 -323 -223 -135
Orion 209.8 -19.5 0.4242 0.4389 0.4527 0.146 0.1837 0.2313 8.0697 8.2075 8.2849 411 438 453 0.0368 0.0444 0.0558 0.0197 0.0236 0.0281 0.1216 0.1331 0.1461 0 -358 -205 -146
Orion 202.0 -14.0 0.6551 0.6598 0.6643 0.1333 0.1348 0.1362 7.9979 8.0063 8.0305 397 399 403 0.0168 0.0201 0.0239 0.0286 0.0337 0.0404 0.0425 0.044 0.0456 0 -358 -145 -96
Orion 204.7 -19.2 0.6478 0.6584 0.6695 0.0472 0.0486 0.0499 8.0127 8.1094 8.1845 400 418 433 0.0143 0.0173 0.0208 0.051 0.0633 0.0749 0.0257 0.0271 0.0287 0 -358 -164 -137
Orion 207.4 -16.0 0.6415 0.6466 0.6519 0.2069 0.258 0.3135 8.261 8.2743 8.3107 448 451 459 0.0255 0.032 0.04 0.0269 0.032 0.0387 0.0712 0.0745 0.0778 1 -384 -199 -124
Orion 204.8 -13.3 0.6659 0.6698 0.6736 0.1761 0.2183 0.2629 8.069 8.0913 8.1147 410 415 419 0.0169 0.0209 0.0257 0.0237 0.0284 0.0347 0.0612 0.0635 0.0658 1 -366 -169 -95
Orion 212.4 -17.3 0.6937 0.6997 0.7055 0.1472 0.149 0.1508 8.3533 8.5907 8.6718 468 522 542 0.0133 0.0164 0.0195 0.065 0.0789 0.0897 0.0409 0.0425 0.0443 0 -420 -267 -155
Orion 201.3 -13.8 0.65 0.6545 0.6589 0.1167 0.1179 0.1191 8.0672 8.1172 8.1511 410 420 426 0.0138 0.0164 0.0195 0.0337 0.0424 0.0519 0.0324 0.0336 0.0349 0 -380 -148 -100
Orion_Lam 192.3 -8.9 0.7208 0.7239 0.7272 0.1862 0.1874 0.1886 7.9522 8.0453 8.1279 389 406 422 0.0147 0.0176 0.0211 0.0317 0.0374 0.0464 0.0403 0.0415 0.0427 0 -391 -85 -62
Orion_Lam 196.7 -16.1 0.6241 0.629 0.6344 0.1717 0.174 0.1763 8.114 8.1497 8.1996 419 426 436 0.0332 0.0399 0.0466 0.0206 0.0244 0.0286 0.0569 0.0591 0.0613 0 -392 -117 -118
Orion_Lam 195.5 -13.7 0.6468 0.6522 0.6571 0.0838 0.0849 0.0858 7.9411 8.0065 8.0833 387 399 413 0.0123 0.0148 0.0175 0.0347 0.0405 0.0474 0.0292 0.0303 0.0314 0 -373 -103 -94
Orion_Lam 199.6 -11.9 0.7385 0.7422 0.7454 0.2617 0.3149 0.3173 7.9501 7.9741 8.0201 389 393 401 0.0192 0.0234 0.0286 0.0298 0.0357 0.0427 0.0569 0.0589 0.0611 0 -362 -128 -81
Orion_Lam 194.8 -12.1 0.7542 0.7607 0.7674 0.0995 0.101 0.1023 8.0992 8.135 8.1934 416 423 435 0.0139 0.0166 0.0197 0.0438 0.0519 0.0625 0.0335 0.0348 0.0363 0 -399 -105 -88
Orion_Lam 194.7 -10.1 0.6796 0.6837 0.6878 0.1258 0.1269 0.128 8.1199 8.1457 8.2681 420 425 450 0.0131 0.0155 0.0183 0.0186 0.022 0.0259 0.0411 0.0423 0.0435 0 -404 -106 -74
Orion_Lam 196.9 -8.2 0.6768 0.6802 0.6838 0.1571 0.1584 0.1595 7.9355 7.9804 8.0519 386 394 407 0.0122 0.0143 0.0167 0.0203 0.0242 0.0296 0.0473 0.0485 0.0497 0 -373 -113 -56
Pegasus 104.2 -31.7 0.7874 0.802 0.8167 0.0696 0.0742 0.0763 7.1902 7.3303 7.4411 274 292 307 0.0147 0.0183 0.0228 0.0286 0.035 0.043 0.0326 0.0347 0.0367 0 -60 240 -153
Pegasus 88.8 -41.3 0.6321 0.6449 0.6581 0.0944 0.1062 0.1097 6.8008 6.8837 6.979 229 238 248 0.0177 0.0225 0.0284 0.0365 0.0473 0.0621 0.054 0.0574 0.0608 0 3 178 -157
Pegasus 92.2 -34.7 0.6224 0.6335 0.6437 0.0851 0.0891 0.0916 6.0104 7.0612 7.3111 159 258 289 0.0184 0.0231 0.0288 0.04 0.0538 0.068 0.0324 0.0348 0.0377 0 -8 211 -146
Pegasus 95.3 -35.7 0.7604 0.7742 0.7877 0.0879 0.092 0.0943 6.9265 7.0552 7.2077 242 257 276 0.017 0.0211 0.0264 0.0362 0.0448 0.0552 0.0351 0.0376 0.0403 0 -19 207 -149
Pegasus 105.6 -30.6 0.7733 0.7866 0.8004 0.0709 0.0746 0.0766 6.9148 7.0469 7.1708 241 256 271 0.015 0.0184 0.0223 0.0247 0.0312 0.0395 0.0298 0.0318 0.0337 0 -59 212 -130
Perseus 159.9 -18.1 0.753 0.757 0.7614 0.2395 0.2417 0.2437 7.2754 7.4241 7.5253 285 305 319 0.0277 0.0333 0.04 0.0384 0.0456 0.0549 0.0373 0.0395 0.0414 0 -272 99 -94
Perseus 158.6 -19.9 0.6514 0.6577 0.6644 0.2372 0.2411 0.2448 7.2785 7.3262 7.4343 285 291 306 0.0263 0.0338 0.0419 0.0318 0.0392 0.0489 0.074 0.0773 0.0807 0 -254 99 -99
Perseus 158.5 -22.1 0.5896 0.5985 0.6074 0.1374 0.141 0.1444 6.8171 6.9283 7.0378 230 243 255 0.0324 0.0411 0.0506 0.0369 0.0451 0.0571 0.0679 0.0722 0.0769 0 -209 82 -91
Perseus 159.3 -20.6 0.5334 0.5415 0.5489 0.1909 0.1961 0.2006 7.1418 7.2113 7.3044 268 276 288 0.0391 0.0484 0.0609 0.0346 0.0428 0.0548 0.0807 0.086 0.0916 0 -241 91 -97
Perseus 159.7 -19.7 0.4883 0.4966 0.5049 0.27 0.2783 0.2862 7.5438 7.7028 7.8382 322 347 369 0.0257 0.0332 0.0423 0.0408 0.0493 0.0612 0.1158 0.1233 0.1314 0 -306 113 -116
Perseus 159.9 -18.9 0.6226 0.63 0.6371 0.2301 0.2349 0.2389 7.1263 7.2314 7.3693 266 279 297 0.0224 0.0284 0.0363 0.0385 0.0462 0.0556 0.0793 0.0838 0.0884 0 -247 90 -90
Perseus 159.4 -21.3 0.5801 0.5877 0.5952 0.1183 0.1219 0.1245 6.0846 6.8531 7.183 164 234 273 0.0218 0.0269 0.0328 0.0405 0.0546 0.0687 0.0595 0.0623 0.065 0 -204 76 -85
Perseus 157.8 -22.8 0.6499 0.6562 0.6623 0.2016 0.2057 0.2086 7.0555 7.1091 7.1984 257 264 275 0.0179 0.0225 0.0285 0.0433 0.055 0.0683 0.0504 0.0532 0.0559 0 -225 91 -102
Perseus 160.8 -17.0 0.6558 0.6608 0.6656 0.1324 0.1341 0.1355 7.1738 7.2121 7.2596 272 276 283 0.0222 0.0267 0.0319 0.0896 0.1023 0.1173 0.0502 0.0523 0.0545 0 -249 86 -80
Perseus 160.8 -18.7 0.8071 0.8113 0.8152 0.2939 0.2964 0.2984 7.1573 7.2802 7.4121 270 285 303 0.0173 0.021 0.0258 0.0771 0.0894 0.105 0.0354 0.0374 0.0395 0 -254 88 -91
Perseus 159.1 -21.1 0.5161 0.5226 0.5289 0.177 0.1814 0.1851 7.2161 7.3222 7.4322 277 291 306 0.0254 0.0319 0.0394 0.0396 0.0495 0.0619 0.0825 0.0873 0.0921 0 -253 96 -104
Perseus 157.7 -21.4 0.6176 0.6236 0.6292 0.1736 0.1772 0.1798 6.7977 6.908 7.0017 228 240 251 0.0244 0.0302 0.037 0.0451 0.0621 0.0819 0.0493 0.0521 0.0549 0 -206 84 -87
Perseus 158.2 -20.9 0.5464 0.5542 0.5616 0.18 0.1847 0.1887 7.2311 7.2968 7.3556 279 287 295 0.0366 0.045 0.0557 0.0412 0.0502 0.0609 0.0759 0.0801 0.0843 0 -248 99 -102
Perseus 157.5 -17.9 0.7632 0.7685 0.7739 0.147 0.1489 0.1504 7.2305 7.296 7.3527 279 287 295 0.0135 0.0165 0.0199 0.0477 0.0568 0.0692 0.0287 0.0302 0.0317 0 -252 104 -88
Perseus 160.4 -17.2 0.679 0.6843 0.6889 0.2724 0.2757 0.2784 7.1477 7.2678 7.374 268 284 298 0.0296 0.0374 0.0451 0.066 0.0765 0.0883 0.0628 0.0663 0.0696 0 -255 91 -83
Perseus 160.0 -17.6 0.6916 0.696 0.7009 0.2577 0.2602 0.2629 7.5344 7.6015 7.7007 321 331 346 0.0272 0.0336 0.0413 0.0632 0.0742 0.0873 0.0593 0.0621 0.065 0 -296 107 -100
Perseus 160.4 -16.7 0.4913 0.4982 0.5047 0.1445 0.1485 0.1519 6.6322 7.0422 7.2147 212 256 277 0.041 0.0503 0.0617 0.0508 0.0624 0.0757 0.0827 0.0868 0.0911 0 -230 82 -73
Perseus 160.7 -16.3 0.6709 0.6765 0.6821 0.1427 0.1445 0.1462 7.3079 7.3628 7.4288 289 296 306 0.0173 0.0209 0.0252 0.0576 0.0671 0.0786 0.053 0.055 0.0571 0 -268 93 -83
Pipe_B59 356.9 7.3 0.5593 0.5652 0.5713 0.1801 0.2233 0.2722 6.202 6.2764 6.3449 173 180 185 0.035 0.0455 0.0587 0.0244 0.0294 0.0363 0.1045 0.1092 0.1139 1 178 -9 22
Polaris 123.5 37.9 1.0277 1.0884 1.1402 0.0539 0.0648 0.0693 8.1912 8.3721 8.5261 434 472 507 0.0191 0.0244 0.0316 0.0283 0.0353 0.044 0.0238 0.0276 0.032 0 -205 310 289
Polaris 129.5 17.3 0.6881 0.6956 0.7031 0.1037 0.1056 0.1073 7.5459 7.665 7.7879 322 341 361 0.0131 0.0161 0.0194 0.0519 0.0625 0.0732 0.0406 0.0422 0.0438 0 -207 251 101
Polaris 126.3 21.2 0.7154 0.7257 0.7354 0.1031 0.1055 0.1074 7.613 7.6795 7.716 333 343 349 0.0149 0.0183 0.0219 0.0285 0.0349 0.0432 0.0406 0.0427 0.0449 0 -189 257 124
RCW38 268.0 -1.2 0.5754 0.578 0.5805 1.0726 1.0776 1.0825 10.991 11.0141 11.075 1578 1595 1640 0.2076 0.2259 0.2431 0.1343 0.1408 0.1482 0.0751 0.0778 0.0809 1 -55 -1593 -33
RCW38 267.7 -1.2 0.5701 0.5724 0.5747 1.0598 1.0642 1.0685 11.0554 11.0876 11.11 1625 1650 1667 0.1295 0.144 0.1594 0.1449 0.1514 0.1588 0.0809 0.0834 0.0862 1 -66 -1648 -34
Rosette 205.2 -2.6 0.4958 0.4978 0.4997 0.2408 0.2425 0.2441 10.7415 10.7516 10.7602 1407 1413 1419 0.021 0.0247 0.0291 0.0678 0.0711 0.0745 0.0762 0.0779 0.0795 0 -1277 -601 -64
Rosette 206.8 -1.2 0.5387 0.5415 0.5442 0.2645 0.2667 0.2688 10.6377 10.6624 10.6727 1341 1356 1363 0.0295 0.035 0.0409 0.0676 0.0717 0.0759 0.105 0.1073 0.1095 0 -1210 -611 -28
Rosette 207.8 -2.1 0.4518 0.4548 0.4579 0.3915 0.3962 0.4009 10.4824 10.5044 10.538 1248 1261 1281 0.151 0.1706 0.1926 0.0492 0.0529 0.0569 0.0932 0.0977 0.1031 0 -1114 -587 -46
S106 76.0 -0.7 0.3014 0.3046 0.3079 0.9592 0.9697 0.9806 10.151 10.1906 10.234 1072 1091 1113 0.2135 0.2383 0.2628 0.0961 0.1003 0.1056 0.1873 0.1907 0.1945 1 263 1058 -13
Serpens 29.6 3.9 0.6864 0.6892 0.6918 0.7345 0.7903 0.8503 8.4634 8.5009 8.5465 492 501 512 0.0355 0.0445 0.0548 0.0498 0.0563 0.0645 0.0922 0.0952 0.0982 1 434 246 34
Serpens 29.2 4.1 0.5814 0.5856 0.59 0.9488 0.9984 1.046 8.634 8.7287 8.7953 533 556 574 0.0496 0.0649 0.0824 0.0429 0.0502 0.0574 0.1128 0.1191 0.126 1 484 270 39
Serpens 28.5 3.0 0.5287 0.5364 0.5445 1.3827 1.5135 1.776 8.3914 8.4489 8.5312 476 489 508 0.0353 0.0479 0.0643 0.0873 0.1024 0.1183 0.1342 0.1441 0.1561 1 429 233 25
Serpens 28.1 3.6 0.5153 0.5232 0.5311 1.7006 1.743 1.7723 8.0957 8.214 8.278 416 439 452 0.033 0.0438 0.0595 0.1098 0.1272 0.1468 0.1546 0.1665 0.1798 1 386 206 27
Serpens_Low 31.8 2.6 0.6009 0.6047 0.6087 0.4693 0.6145 0.733 8.4031 8.4693 8.5446 479 494 511 0.0618 0.0816 0.1067 0.0484 0.0722 0.0857 0.1445 0.1492 0.1546 1 419 260 22
Serpens_Low 30.1 2.7 0.4518 0.4555 0.4596 0.5589 0.6086 0.6604 8.2586 8.3456 8.3907 448 466 476 0.072 0.0923 0.1184 0.0319 0.0382 0.0467 0.1521 0.1582 0.1646 1 402 233 21
Serpens_Low 31.9 3.0 0.4428 0.4548 0.4666 0.5611 0.6181 0.6777 8.3836 8.4394 8.5183 475 487 505 0.0486 0.0651 0.0858 0.0493 0.0565 0.0635 0.1512 0.1676 0.1862 1 412 256 25
Serpens_Low 32.9 2.7 0.6178 0.6214 0.6247 0.7039 0.7702 0.8402 8.5498 8.6055 8.6644 512 526 540 0.0643 0.0812 0.1001 0.0707 0.0788 0.0883 0.1266 0.1311 0.1362 1 441 285 24
Serpens_Main 30.3 5.2 0.7094 0.7123 0.715 1.0551 1.1397 1.1448 8.4029 8.453 8.5145 479 490 504 0.0532 0.0637 0.0752 0.076 0.0859 0.0968 0.0853 0.0878 0.0905 1 421 246 44
Serpens_Main 31.2 5.2 0.6485 0.6538 0.6585 0.8033 0.8606 0.9214 8.06 8.143 8.2066 409 425 437 0.0971 0.1239 0.1559 0.044 0.055 0.0673 0.101 0.1068 0.1139 1 362 219 38
Serpens_OB2 18.8 1.2 0.5231 0.5267 0.5303 0.9382 0.9447 0.9513 10.9398 10.9791 11.097 1541 1569 1657 0.0423 0.0531 0.0667 0.0992 0.1083 0.1197 0.1502 0.1536 0.1571 1 1484 505 32
Serpens_OB2 18.0 1.6 0.595 0.5982 0.6012 1.1599 1.1661 1.172 10.9605 10.9892 11.0148 1556 1577 1595 0.1133 0.1331 0.1517 0.0888 0.0955 0.1032 0.1231 0.1263 0.1299 1 1499 487 44
Serpens_OB2 18.4 1.3 0.5671 0.5704 0.5738 0.997 1.0029 1.0089 11.0158 11.0358 11.0667 1596 1611 1634 0.0573 0.0712 0.0861 0.0769 0.0831 0.0907 0.1378 0.141 0.1448 1 1528 508 36
Serpens_W40 28.8 3.5 0.4 0.4204 0.4369 1.122 1.2175 1.3059 8.337 8.4419 8.5551 464 487 514 0.0374 0.0496 0.0658 0.0777 0.0884 0.1005 0.0798 0.1053 0.1344 1 425 234 29
Sh2-231 173.0 2.4 0.4191 0.423 0.4265 0.8388 0.8555 0.872 11.0054 11.0435 11.0581 1588 1616 1627 0.0569 0.0673 0.0786 0.05 0.0522 0.0544 0.1149 0.1196 0.125 1 -1602 196 67
Sh2-232 173.5 2.9 0.5158 0.5203 0.5245 1.0015 1.0171 1.0333 11.1464 11.169 11.1924 1695 1713 1731 0.2317 0.2527 0.2714 0.0445 0.047 0.05 0.0519 0.0571 0.0647 1 -1699 193 86
Spider 134.8 40.5 0.9311 0.9598 0.9907 0.0746 0.0789 0.0824 7.705 7.8385 7.9492 347 369 388 0.0168 0.0209 0.0257 0.0214 0.0264 0.0321 0.0361 0.0393 0.0426 0 -197 199 239
Taurus 173.5 -14.2 0.5427 0.5492 0.5555 0.2321 0.252 0.2572 5.611 5.8503 5.991 132 147 157 0.0441 0.0556 0.0706 0.0311 0.0408 0.0679 0.056 0.0614 0.0677 0 -141 16 -36
Taurus 171.6 -15.8 0.5511 0.5583 0.566 0.1165 0.1533 0.1572 5.4493 5.5852 5.727 122 130 139 0.0397 0.0491 0.0605 0.0288 0.0368 0.0474 0.0485 0.0519 0.0555 0 -123 18 -35
Taurus 175.8 -12.9 0.5348 0.5438 0.5528 0.201 0.2085 0.2145 5.9401 5.9727 6.0162 154 156 159 0.022 0.0287 0.0369 0.0292 0.0357 0.0433 0.078 0.0829 0.0882 0 -151 11 -34
Taurus 172.2 -14.6 0.5429 0.5493 0.5557 0.2232 0.2279 0.2322 5.6615 5.6976 5.7597 135 137 141 0.0316 0.0402 0.0506 0.0291 0.0349 0.0431 0.0504 0.055 0.0598 0 -131 17 -34
Taurus 170.2 -12.3 0.6225 0.6291 0.6354 0.1605 0.1635 0.1659 6.0938 6.1611 6.2768 165 170 180 0.0202 0.0264 0.0347 0.0638 0.092 0.1304 0.0349 0.0377 0.0407 0 -163 28 -36
Taurus 174.5 -15.6 0.554 0.5596 0.5653 0.4304 0.4355 0.4403 5.9701 6.0121 6.0559 156 159 162 0.0376 0.0462 0.0565 0.0509 0.0597 0.0703 0.0528 0.0561 0.0594 1 -152 14 -42
Taurus 171.7 -17.2 0.6232 0.6287 0.6343 0.2953 0.2983 0.3011 5.8459 5.8676 5.8836 147 149 150 0.0508 0.0613 0.0729 0.0401 0.0498 0.0628 0.033 0.0351 0.0372 1 -140 20 -44
Taurus 166.2 -16.6 0.6028 0.6088 0.6145 0.12 0.1224 0.1243 5.6795 5.7003 5.7208 136 138 139 0.0188 0.0238 0.0298 0.0267 0.0328 0.0407 0.0315 0.0335 0.0355 0 -128 31 -39
Taurus 171.4 -13.5 0.5836 0.5909 0.5981 0.1568 0.1599 0.163 5.8991 5.9462 6.0045 151 154 158 0.0256 0.0323 0.0403 0.0331 0.0439 0.0586 0.0445 0.0477 0.0506 0 -148 22 -35
Taurus 169.9 -19.2 0.5621 0.5682 0.5743 0.0909 0.163 0.2773 5.5375 5.5675 5.6076 128 129 132 0.0281 0.0347 0.043 0.0249 0.0319 0.0416 0.0389 0.0411 0.0436 1 -119 21 -42
Ursa_Major 158.5 35.2 1.1077 1.1332 1.1594 0.0832 0.0878 0.0909 7.6488 7.7376 7.8019 338 352 363 0.0174 0.0211 0.026 0.023 0.0277 0.0338 0.0294 0.0322 0.0352 0 -267 105 202
Ursa_Major 143.4 38.5 0.8433 0.8634 0.8855 0.0993 0.1042 0.108 8.0343 8.0577 8.0994 404 408 416 0.019 0.0237 0.0302 0.0178 0.022 0.0271 0.0388 0.0423 0.0464 0 -256 190 253
Ursa_Major 146.9 40.7 0.6764 0.6997 0.7236 0.07 0.0771 0.0813 7.4628 7.5946 7.7124 310 330 348 0.0198 0.0252 0.0329 0.0288 0.0367 0.0481 0.0456 0.0493 0.0534 0 -209 136 215
Ursa_Major 153.5 36.7 0.8331 0.8538 0.8747 0.077 0.0945 0.0983 7.628 7.7349 7.8525 335 352 371 0.0191 0.0235 0.0293 0.0186 0.0231 0.0287 0.0384 0.0413 0.0444 0 -252 125 210
Vela_C 266.1 1.4 0.4336 0.4371 0.4406 0.288 0.3068 0.3261 9.6685 9.6889 9.7413 858 866 887 0.0865 0.1036 0.123 0.022 0.0245 0.0276 0.1729 0.1764 0.1804 1 -58 -863 21
Vela_C 265.3 1.2 0.395 0.3987 0.4025 0.2408 0.2523 0.2639 9.8675 9.8836 9.9015 940 947 955 0.1392 0.1607 0.1831 0.0183 0.0196 0.0211 0.1546 0.1604 0.1664 1 -77 -943 19
Vela_C 265.3 1.8 0.4954 0.4977 0.4999 0.2843 0.3021 0.3207 9.7017 9.7178 9.7326 871 878 884 0.0684 0.0777 0.0881 0.024 0.0263 0.0289 0.1043 0.107 0.1099 1 -71 -874 27
Vela_C 264.7 1.4 0.4932 0.4955 0.498 0.2019 0.2113 0.2211 9.8231 9.8457 9.8668 921 931 940 0.1273 0.1401 0.1541 0.0161 0.0173 0.0185 0.1179 0.121 0.1243 1 -85 -926 22
Vela_C 264.3 2.5 0.5092 0.5114 0.5137 0.2863 0.3011 0.317 9.9125 9.9243 9.9572 960 965 980 0.0773 0.0873 0.0982 0.0241 0.0262 0.0285 0.0912 0.0937 0.0964 1 -95 -959 42
W3 133.3 1.1 0.4892 0.4927 0.4961 1.0971 1.105 1.1128 11.3396 11.3638 11.3763 1853 1873 1884 0.1254 0.1424 0.1601 0.1068 0.1104 0.1147 0.0894 0.0929 0.0969 1 -1284 1362 35
W3 133.7 1.3 0.5686 0.5729 0.5773 1.4732 1.4847 1.4963 11.6688 11.6964 11.7159 2156 2184 2203 0.2362 0.2548 0.2734 0.0504 0.053 0.0563 0.0663 0.0715 0.0772 1 -1508 1578 49
W3 133.3 0.5 0.4611 0.4668 0.4728 1.1038 1.118 1.1324 11.0586 11.0998 11.1314 1628 1659 1683 0.2029 0.2347 0.2657 0.1352 0.1409 0.1472 0.1228 0.1287 0.1357 1 -1137 1207 14
W4 135.6 1.3 0.5398 0.5446 0.5487 0.6204 0.6261 0.6309 11.204 11.3072 11.3436 1740 1825 1856 0.0208 0.026 0.0324 0.1429 0.1491 0.1553 0.0812 0.0838 0.0867 1 -1303 1276 41
W4 135.3 1.0 0.4919 0.4956 0.4994 0.7379 0.7436 0.7494 11.0721 11.0839 11.1098 1638 1647 1667 0.0384 0.0477 0.0578 0.1267 0.1317 0.1373 0.1126 0.1158 0.1191 1 -1170 1158 28
W4 135.6 0.2 0.4894 0.493 0.4962 0.8151 0.8212 0.8266 10.7162 10.809 10.8282 1390 1451 1464 0.0191 0.0231 0.0288 0.1552 0.1628 0.1703 0.1266 0.129 0.1314 1 -1036 1015 5
W4 135.6 1.2 0.5495 0.5532 0.5565 0.6906 0.6952 0.6995 11.1878 11.2222 11.2702 1728 1755 1794 0.0199 0.0246 0.0301 0.135 0.1411 0.147 0.0817 0.084 0.0864 1 -1253 1227 36
W5 136.5 1.2 0.4421 0.4472 0.4524 1.2451 1.26 1.2749 11.4943 11.5338 11.5593 1990 2026 2050 0.1296 0.1458 0.1627 0.0594 0.0621 0.0648 0.1281 0.1341 0.141 1 -1469 1394 42
W5 137.0 1.4 0.4549 0.4588 0.4626 1.1528 1.1629 1.1729 11.5683 11.5875 11.6043 2059 2077 2093 0.126 0.1424 0.1581 0.0589 0.0617 0.0644 0.108 0.1129 0.1186 1 -1518 1416 50
W5 137.8 1.5 0.4626 0.4656 0.4687 0.7314 0.7363 0.7412 11.4334 11.4644 11.5003 1934 1962 1995 0.1276 0.1428 0.1586 0.1374 0.1431 0.1495 0.0779 0.0805 0.0835 1 -1452 1317 51
W5 138.0 0.9 0.4501 0.4533 0.4567 0.6536 0.6584 0.6634 11.1832 11.2018 11.2139 1724 1739 1748 0.0184 0.0227 0.0278 0.122 0.1271 0.1325 0.0949 0.0974 0.0998 1 -1292 1163 27
W5 136.9 1.0 0.4714 0.4758 0.4804 1.054 1.064 1.0745 11.599 11.6151 11.6285 2088 2103 2116 0.1357 0.1509 0.1651 0.07 0.0726 0.0753 0.1087 0.1135 0.1184 1 -1535 1436 36
